63,6
0,519
63,5
63,4
63,3
63,2
63,1
63,0
0,518
0,517
62,4
62,3
62,2
62,1
62,0
0,516
61,3
61,2
61,1
61,0
0,515
0,514
60,6
0,513
0,512
60,5
60,4
60,3
60,2
60,1
60,0
59,4
59,3
59,2
59,1
59,0
58,3
58,2
58,1
58,0
57,3
57,2
57,1
57,0
56,4
56,3
56,2
56,1
56,0
55,4
55,3
55,2
55,1
55,0
0,511
0,510
0,509
0,508
0,507
0,506
0,505
0,504
54,6
0,503
0,502
0,501
0,500
0,499
0,498
54,5
54,4
54,3
54,2
0,497
54,1
54,0
0,496
53,4
53,3
53,2
0,495
53,1
53,0
0,494
52,3
52,2
0,493
52,1
52,0
0,492
0,491
51,6
0,490
51,5
51,4
51,3
51,2
51,1
51,0
50,4
50,3
50,2
50,1
50,0
49,3
49,2
49,1
49,0
48,3
48,2
48,1
48,0
47,4
47,3
47,2
47,1
47,0
46,4
46,3
46,2
46,1
46,0
0,489
0,488
0,487
0,486
0,485
0,484
0,483
0,482
0,481
0,480
0,479
0,478
0,477
0,476
0,475
0,474
0,473
0,472
0,471
0,470
0,469
0,468
0,467
0,466
45,6
0,465
0,464
0,463
0,462
0,461
45,5
45,4
45,3
45,2
0,460
45,1
45,0
44,4
44,3
44,2
